-39.463223948615386 91.8839156522045
48.25190907065234 -87.58854531865168
-10.395942194245116 99.45815394372607
94.50345444018757 32.697050308420664
48.0792157542285 87.68345917251638
68.29167161336503 73.04962414860404
99.95066439797215 3.1408098325023794
91.08930531537098 -41.26425156431569
26.168727906782358 96.51527174359916
82.80974997304338 56.05840980086789
-90.6312503306456 -42.260814752011726
87.91414696373691 -47.656088421506745
97.84662173085107 20.64070289161061
26.368125238676466 96.46098678428224
87.78725374514387 47.88943599465047
18.679008432189963 -98.23998495516058
99.82624658814451 -5.892409704269247
69.64386348912284 -71.76163514238247
99.64500379563019 -8.418623317909162
10.968501322849713 -99.39663967524578
60.00961985596274 79.99278420421959
-33.12271551718705 -94.35510434930107
2.2582938304112594 99.97449729293729
-76.20892476034905 -64.74719906583958
-95.59743956754265 -29.345008913442687
-84.6117359177654 -53.29966364792868
-97.99313589474326 19.933522456263937
99.97188616114741 2.371070935797639
97.41768180466718 22.578646367854198
-10.784957245787881 -99.4167224223698
-9.532381007851628 99.54463176043774
-3.500941536720205 -99.93869825226096
93.87318246875267 -34.464846049101496
23.480087542168317 97.20434912601448
-20.655683141371988 97.84346045578745
38.446365577268324 -92.31401287940545
-49.345886835529015 -86.97691333000478
83.15821468286153 -55.54017762628342
-99.6621469880026 8.213188037647901
37.0617847972587 -92.87854492638051
-30.191321138740552 -95.33354146310435
-96.21390507878496 -27.25590705683007
84.80660548979834 52.98905231552746
-85.62539268912592 51.65551400221455
80.9920278996291 58.65399744864542
-99.49025411221986 -10.08411308375312
93.4011900744195 35.72418918159179
-14.131850058207771 98.99641818738864
35.80926710012407 93.36860494701617
55.23174722488899 -83.363385838664
-70.0341862862381 71.38075897063928
-61.86821477362741 -78.56413940675677
8.8673721203117 99.606072664672
-99.87739430861356 4.950364241318972
-47.005387336624224 88.26377264389919
47.685460051832045 -87.8982189788003
99.7209597526268 7.465265301044853
94.06280704177526 33.94389976743618
-98.63034620506362 16.494084014254664
-61.006076220390646 -79.23546342510963
-94.58525407028763 -32.459662851901825
99.50171517884182 -9.970389985784863
-31.11337725279447 95.03661271281342
-6.891384177635795 -99.76226152266312
-99.55875475757728 9.383727996941523
97.67648023702877 21.431407058458085
-76.70527136022403 -64.15840822179423
-32.591008615267164 94.54007699086976
76.5807500953446 -64.30698807154926
-8.902662129663192 99.6029246910203
22.357940630040144 -97.46857181052567
-29.221043858182888 -95.6354045102448
94.94000817563942 31.40692356168493
37.06034937488432 92.87911769720635
95.85007440720281 28.50900272078427
-97.78624767819348 -20.924859976090698
-8.942508851434454 99.59935509551262
-94.15080823483135 -33.69904017517432
-0.1361959608783876 -99.99990725325819
16.941597332027847 -98.5544635206312
30.015255500661198 -95.38912116813964
71.170008530371 70.2483443633152
81.92074579124144 57.34972893577438
77.16266109559717 63.607576063280504
-42.23077557901324 90.64525135932394
-90.1373842178643 -43.30417954841207
-93.01709843863793 36.71265991530361
97.16817209700166 23.629353172007647
90.60710279393206 -42.312562239715874
43.347713885875386 90.11645632662375
-89.08483484888157 -45.43008034273653
93.43478362489809 -35.636234494801435
-55.864961025874834 -82.94037695584392
48.35921303064631 87.5293465933373
92.98196739346271 36.80154534311073
43.59915646612505 -89.99507517326904
1.2826724013093882 99.99177341917144
-58.728067957177174 -80.93833476182456
73.87448078538661 67.3985243806535
-34.1782369779323 -93.97791292149608
-68.42989352263204 -72.92015957525904
-95.78686003950524 28.72067972336716
11.296893101523958 -99.35985208449507
-96.52899356041492 -26.118066586433496
84.85448251754232 52.91235013378355
78.35411718933788 62.13398683071533
-85.43418150763029 -51.971151902967115
98.94242772941098 14.50503343706187
-13.109725650689011 99.1369512006682
28.070586101061867 -95.97938422360748
32.301015589419166 94.6395498292976
92.97753315979834 36.81274680757468
-71.66172977390214 -69.74665931650223
26.98350914661962 -96.29065496783316
1.8856111561774829 -99.98222077233382
92.09631398639046 -38.96497080866586
-17.445075076864804 -98.46659004739907
98.81647853886848 -15.339607856048476
-98.48484627546748 -17.34171427793518
-19.561371100694615 98.06810266677391
45.790735154691156 -88.89999197971241
-17.101731291486875 98.52680237800159
-18.093881246170735 -98.3494354912598
-95.5209464587611 -29.59305302976518
-53.79963468966964 -84.29471695935692
13.673387025911262 99.06078178189208
-57.35519823577986 -81.9169166615443
-76.27722508628113 64.66672199158393
-93.56196572062618 -35.300971240071746
98.83226958321077 -15.237535530116064
96.24471907184493 -27.14689762719951
-31.963733090646475 -94.7539960471848
36.400129176187825 -93.13984429854304
9.564328780130873 99.54156727209774
-90.21765391307052 43.1367004118469
-41.16323122474274 -91.1350009334414
73.28413342921198 68.03995728635826
-13.238528961803222 -99.11983328742788
-2.661052666053596 -99.96458772339577
-9.64699595105271 99.53358965254078
-61.91092516843172 78.53048672196581
-96.15910036532182 -27.448632332631156
-97.88565957870804 -20.454770808818267
-29.720149201860124 -95.48147847315296
27.350474097307288 96.18706548519152
98.91907069742994 -14.663473406967958
-55.154238377420185 83.41468689029954
-27.44082863517069 -96.1613275897083
-64.54088604332804 76.38372882193002
-99.99998429241458 -0.056049235826540304
45.29206892387862 -89.15508113727803
-69.99665058914995 -71.41756721073922
-68.47950506514857 -72.87357124522093
-96.55986763073285 -26.003691336718894
-98.50992891736627 -17.19865996801626
-84.75694925219247 53.06844216162059
20.1817884812228 97.94230655696843
90.26287814658862 43.04198913496092
0.43366786491852427 -99.99905965649346
35.953184660163224 -93.31328154551314
-81.34428575248357 58.1644837974025
80.34470481365787 59.537621789975645
65.44689218402662 75.60889037310622
-30.228780923822196 -95.32167016927244
-57.473704129908754 81.83381534297243
65.52048712335427 -75.54512404595262
-95.33851782334251 -30.175603046968273
99.96558077370463 -2.6234825282314698
1.3531527697972328 -99.99084446878919
37.0188518541799 92.89566517011588
-98.36194749591355 18.025739508024234
-95.24572659014798 -30.467221178092004
-14.068372768263954 99.0054588780496
-35.74366186126577 -93.39373981561877
52.83480791201782 -84.90278601377095
94.30823033094309 -33.25594220354892
3.574201452133894 -99.93610500704719
-84.75750205156046 -53.06755926156511
-30.651312249322295 95.18664327201871
69.51176707764026 71.88959756281773
98.3862498754723 17.892619580182433
33.09487314170583 94.36487361160613
11.460844544717213 99.34107429619344
93.89823369763552 34.39653628585624
99.99100997951295 1.340866614149745
72.2795894706375 69.10615707703698
-70.93976315401936 -70.48084848844853
-93.2592865317042 -36.09301145093735
-90.41730348798428 42.71663879522527
-47.444924080886146 88.02828624345102
-90.41814505350101 -42.71485742787925
55.062292611065246 83.4754091479247
-60.01733807593103 -79.98699350694086
-92.96600029087766 -36.841861922499724
-50.722431434846285 86.18140721372167
21.237371458105226 -97.71885208878815
89.78131448505505 44.03766080680994
-98.66831552525788 16.26540843041314
-99.95699523666161 -2.9324227624969
-10.802302277350975 99.41483926209777
-14.738532692537362 -98.90791502236314
71.43925055053806 69.9745202254181
63.997871020192946 -76.83926408342775
-86.53929135167732 50.1093908598928
-74.33027506116952 66.89551710937647
47.96984955771008 -87.74333896889644
-89.29285334149918 -45.019843870603545
2.8063716516205868 -99.9606136343359
-6.0748070575896 99.81531304971728
-97.78309930966014 20.939567555160824
-0.03701838093901333 -99.99999314819713
95.61620721115315 -29.28379959216055
99.64084769967685 8.467672034851306
-3.6049889438158464 99.93499914802103
-66.64028944039718 74.55918335993285
52.26335268189997 85.25574447770273
96.33428448055196 26.827329975606716
-98.05520114922852 -19.625940170711143
-98.14024731135585 -19.19614173905556
74.33202423291546 66.89357348383527
51.55090951090524 -85.68841070178895
19.220138013684345 98.13555061614994
36.54478348251023 93.08318215562062
-95.57521911320302 29.417299187097935
-91.87813677034121 -39.47667645091813
61.48383101317801 -78.86531889203879
61.17071100102224 -79.10843264551141
75.6447298179234 65.40546499164553
-49.92428518307762 -86.64621024002571
-56.038524520003165 82.82320791674881
-40.69406626549637 91.34545949733567
-4.682511301711093 99.89031028037378
-33.66448469727465 -94.16316939263972
-72.36668672932092 -69.01494513379205
-60.249600779636246 79.81218958213373
-91.71395635135255 39.85662065933586
-79.44574174009745 60.731985965928516
-3.2307365623203994 99.94779808112277
-90.49427266241096 -42.55333847421632
-93.43702831977814 35.63034856367503
79.48344445043939 60.68263391031997
-84.9255595654638 52.7981944056126
95.30343642766888 30.286218071546607
-86.62764702191807 -49.95648878219896
29.526764970395288 -95.54145775726388
86.19363467886195 -50.70165027735178
-44.6277730796121 -89.48945116579188
-49.709949476648625 -86.76935474595304
-38.46810974881535 -92.30495399680939
-99.88663923153834 -4.760178886187594
-23.724316895924876 -97.14502966092364
-41.40884653663969 91.02366411271863
-34.42498383777011 -93.8878079825558
65.14450844172197 75.86957901482263
51.27299233551808 85.85499552712062
-22.33287964870394 -97.47431706145217
83.77830613075601 54.60032437505596
42.72234185465928 90.41460892164291
23.298351963531314 -97.24806833959951
-59.55716899703853 80.33021611484804
86.68709565969584 49.85325913204412
-91.6355625193764 -40.03652934205785
-80.56968699397449 -59.23280795043384
-11.809442032502762 -99.3002370534983
58.184657478753174 -81.3298569658165
36.24142641339619 -93.20171141949267
-84.28513734534022 -53.81464134115488
-34.46961989987727 93.87142964692711
95.27561463277897 30.373627645478802
-43.77841434629303 89.90801097413002
-71.27441621435156 -70.14240937766094
95.29607100502008 -30.30938552670066
78.47113001870134 61.9861416252703
-83.28447471475575 -55.350666405086855
-99.19339964974864 -12.67554598134722
1.167963222119997 -99.99317907693391
81.06275417554241 -58.55621133129758
-9.53861099157862 99.54403498126513
87.84644924143414 47.78076344798327
80.97786470206722 -58.673549647977616
-7.145470254363697 -99.7443845780002
54.81070600130957 -83.64081842998672
-99.74807791867367 -7.09372620913763
-99.88488726267667 4.796800654850204
-82.00621221961835 -57.22745108242127
97.84252302310374 -20.660123147585907
-51.96974256490074 -85.43503881744272
12.925998694495059 99.1610738029289
98.51009874673052 -17.197687196521567
22.646795510853103 97.4018616510465
-21.911415849261104 97.56992290393977
99.79659449036684 6.374929656496815
87.59951157893724 -48.231997378624506
-98.22101595448628 18.778499004674234
-72.9790205518739 -68.36711606678439
34.622352214387945 -93.81520520226381
64.00496540606785 76.83335475799595
73.12054691443055 -68.21572853040976
-99.96197232589181 -2.757551217591631
19.724574781631052 -98.03540763256836
84.83630472159054 -52.94149035667049
53.33578871907493 84.58896879448406
77.94387166027555 62.647848092384585
0.14571730572283353 99.9998938322777
-70.79623222898786 -70.62502036940747
50.60218134850819 86.25206804925138
78.62848293643626 -61.7864197952475
81.84313119191638 57.46043749139719
97.19643821832517 -23.51281347842696
-59.321916114112106 80.504100942438
99.63365676411235 -8.551867621230471
48.903466044224494 87.2264352639805
93.20067168425592 36.244100176491315
-77.71321705805366 -62.93374209824042
48.2579720142693 -87.58520501243348
-99.81350854415625 -6.104384662326582
-27.148223574021696 96.2443450638786
98.91000305492715 14.724513427421035
-54.090217344701145 -84.10855121569382
-94.46558570116694 -32.80629692811251
-83.7473321578992 -54.647821149927864
-81.21335083803741 -58.34716484678453
-35.42677106012955 -93.51440473132023
75.31073529057993 65.78976478140196
-98.05097462613531 -19.647044939760534
97.98104570828514 19.992865775344406
64.0827253409194 76.76851120661574
57.5537990033827 -81.7775043656764
-92.23494063581612 -38.63567944151466
96.29260841706287 -26.97653729147228
2.2466336914695915 99.97475999999376
90.65864413875488 42.202017048034634
53.59674617634232 84.42386392074658
65.03937533418495 -75.95972390773292
-57.1531476085145 -82.05801434618897
-35.60114374063258 -93.4481597697826
-99.78812535224017 -6.506153908846699
99.01314676680704 14.014163097906653
-70.6583735189987 -70.7629440572512
-24.140367264575236 -97.04247867986176
6.341140917224597 99.79874714578285
10.784677858054122 -99.41675273060369
-78.26922824904311 -62.24088615451415
71.09038634560095 70.32891986397343
-97.87950707067642 -20.48419135824997
28.93796551298649 -95.72144039852934
-27.78179491627589 -96.0633742444538
-79.48982307248492 -60.67427814078255
-74.16190753103447 67.08212482739565
-64.79801846147622 -76.1657193458198
-47.42793752422676 -88.03743943458399
-74.34204956389165 66.88243167409418
-28.11108718871445 95.9675298060156
94.00598960759348 -34.10093719968745
-54.99488828152702 -83.5198315545617
-25.91039372653296 96.58494446307893
99.112184864802 -13.29566889348984
-48.529772736323366 -87.43489668410895
-97.16049991766567 23.66088028263717
26.26046920133173 96.49035059178668
17.75406763436493 -98.41134630942916
45.49651636610794 89.0509236254654
86.33553690092087 50.45963800930136
12.726755625170465 99.18684232929887
98.62461914765306 16.5282938617507
-96.19935180565537 -27.307228203751325
-44.7002974034455 -89.45324707378444
-56.289515225206664 -82.6528310205478
80.21102521488524 -59.717597356031035
-95.31572110270187 30.24753396017521
-15.071504815099079 98.85772474930043
33.95279515268098 94.0595965402791
26.601697700914468 -96.3968343848965
97.29518332659028 23.10080737647907
-99.07418714781981 13.575914002334272
-83.5836560043793 54.897836468676864
2.987522407175852 99.95536358728641
91.41717945035518 -40.53269422751909
19.554199023497155 98.06953298833162
-10.804505394629347 99.41459984920436
-8.36482520273281 99.64953436583498
12.9863739646983 99.15318497783622
97.71485419415662 21.255758509512518
-89.37685969046947 44.85283660896077
-32.886203147674145 94.43779774290539
59.635825019993135 -80.27184048086079
-4.466986474018236 99.90018033938146
-99.49311934731875 10.055804420342895
-42.0891321116705 -90.7111071373641
-98.95760973505928 -14.401092858658373
-32.66791245192531 -94.51353075635966
-52.80313750044867 -84.92248624545039
91.82929501056411 -39.590157588254
41.086605338553305 91.16957201695072
-35.7094209254177 -93.40683731489541
-47.25848735475983 -88.12851623021918
-29.404385920765304 -95.57919275984025
72.83790572187935 -68.51743931329173
55.871946582826595 82.93567136670306
-83.35326635952478 55.2470179032146
-69.90294402197443 -71.50928902639649
43.0872087451336 90.24130120157446
-64.70624010737417 76.24370460022809
-66.0242164977495 75.10527834885045
-60.65188507311711 -79.50691062465825
8.066912862522429 99.67409350913842
-53.357948935947306 -84.57499208009918
-66.01274129494858 75.11536451836062
-15.78512500512938 98.74629020156878
-71.99092227532675 69.4068232232816
-90.81400588102369 -41.86664944608532
-61.66711984828153 -78.7220828587359
-88.83120044752587 45.92404410601793
-23.188906712777317 97.2742237464073
60.29724052959165 -79.77620437521811
27.11290401779299 96.25430086869856
59.609253790003336 80.2915740448459
99.84015040737204 5.651934769026526
-50.946410110536846 86.0491911458149
-93.34332851081403 -35.87510310120727
-68.18401924019997 73.15011633792554
57.347632141676264 -81.9222136403978
-9.740759710951249 99.52445729695545
-84.0221545197165 54.22432618175061
48.54302216399937 87.42754142251437
-41.205454650612445 91.11591796736901
-81.2781987555171 58.25679708891195
-99.88239800382011 -4.848357351358347
-20.975985033456094 97.77529366806435
74.1892510715228 -67.05188308650662
-96.6884049051397 25.521605688117592
84.37069433858912 53.68040552030475
-65.84153937956134 -75.26547476851304
86.07874554494668 50.89645926199899
18.047443245110216 -98.35796760971897
88.73534943089567 46.108977015076405
80.68168328008237 59.08016573345473
-43.359042566841204 -90.11100614068657
-44.885953861202175 89.36023246371973
-31.607826688372683 94.87331180072611
-74.08700068204391 67.16484444959897
48.9853986108921 -87.18044920125159
-26.438816300439594 96.4416351615401
-83.43682551410036 -55.120741541905716
99.61924720290136 -8.718118301974911
44.333026826469016 -89.63583397505475
56.659060075845765 82.39994485023458
-79.87159735238014 -60.17082296578021
-13.509626793802203 -99.08324774598469
-5.30739365713497 99.8590585403658
-83.44901676003997 55.10228309047248
12.313741726056609 -99.23896293645946
2.7876865048311674 -99.96113646788328
89.27498988343542 45.05525697754374
36.39968188657869 -93.14001910326127
-66.12980484734801 -75.01232505963048
41.20476467581667 -91.11622999230472
96.44313427095472 -26.433347347519202
-21.339732504590337 97.69654966595562
-97.06813611357833 -24.036991314135555
47.940679472752805 -87.75928014569615
-18.387453469347058 98.29497217514535
-20.92894831244391 -97.78537274324341
4.239262119740514 -99.91010287593609
28.270629306982364 -95.92065220059332
0.1416374105805513 -99.99989969416932
36.94495462589936 92.92507911048685
-31.742325283691684 94.82839651488528
-2.5445959989587403 99.96761991366046
-83.91818377440488 -54.38509384018021
-84.99714722320213 -52.68287163696852
-94.95036901178527 31.375586441145707
-80.60482179007127 59.18498715207136
-60.85050524866945 -79.35499991167319
95.23968025877069 -30.48611658127558
24.02412312899471 97.07132175819439
61.56999910146895 78.79806603366045
97.84760230143242 20.636053979884746
-72.33356959633213 -69.04965394158451
-92.51995173193288 37.94810313468658
-59.272421641030896 -80.54054899743267
-89.02177151306219 45.55353111094846
-18.08942893356722 -98.35025450326715
37.30941253148297 92.7793497312609
97.4921552777539 22.254879449197738
-49.092947537250204 -87.11993171545073
-2.9571067193576708 -99.95626803682863
-69.56769878154954 -71.83547373157354
83.33466889936905 -55.27506634489491
99.86036997228716 -5.2826611662997
73.22904183225843 -68.0992469292381
-39.1737527146452 92.00770129859688
99.65460314069652 8.304220184356767
-88.2738109628718 46.98653315675859
95.64288579408739 29.196547689395686
85.27015096621689 -52.23984450779482
45.62824314422759 -88.98350087275307
-69.01627654423737 -72.36541696120703
77.40240635623834 63.31561805955741
-88.56082207062848 -46.443307313050866
86.88538495385731 -49.5068670127693
93.97992235130282 -34.172711259762394
2.2515997974284376 -99.97464827821211
48.01364593005537 -87.71938100843666
-32.428667440430395 94.59588536526296
15.219338876368862 98.83507335033575
29.8456230567459 -95.44233224494589
-96.85748884266194 -24.872210498739705
-83.56808451371633 54.921537220915106
-27.639575728913695 96.10439039672248
-74.74106639798582 66.43623253686104
47.557114469097236 87.96772626010736
-89.47996414564143 44.64679178277788
55.39277764341478 -83.25647233066753
88.42483069985062 -46.70170570442537
22.409737506175972 97.45667583549262
-85.3191846595059 -52.15972324540395
98.86693297222983 -15.010981469064962
26.8061734657011 96.34017367706342
-96.8275979932621 24.988322609875674
75.97436744506916 -65.02226919541963
-0.7152287329774542 99.99744220658609
65.15237862099735 -75.86282067011618
-38.868848673391746 92.13692312425553
-71.81002547850315 -69.59396698548467
18.947524426974947 -98.18854983188817
12.575041275247894 -99.20619102115458
94.19071797798104 33.58732866413223
77.54964350391566 63.135194562269234
-0.9924273487104953 99.99507531852522
4.121569547300049 -99.91502722046754
-54.3370636716022 83.94929131057776
-3.316369004458486 99.94499335447607
-78.37132123804868 62.11228547882117
70.06273719087726 -71.352735457879
17.77096422109043 -98.408296553963
-23.824064594566373 -97.1206154541554
97.38311694167795 22.727264127551216
-93.16424949169141 36.33761985394581
17.54543044434577 -98.44875758750146
-65.19637736933912 75.82501155894886
-25.84861234683234 96.60149708851921
-99.64664830476332 -8.399135766661338
-96.37321916514958 -26.68712475607003
-26.780587502215948 96.34728918364105
-89.080138530087 45.43928828074345
85.96825303408498 -51.08286865738394
71.02411241243884 -70.39584828685034
46.68483743472749 -88.43373764402965
-79.78826864399414 -60.28127559030102
47.35821889814406 -88.07496297356855
-82.74389309516012 -56.1555710099783
-63.10841808405922 -77.57143525117726
32.056616303929665 94.72261267059007
-97.26794226371518 23.215240851272
-98.08323960309 19.48533060953386
-9.277428855043917 99.56871654209267
-49.20258140333264 87.05806098948233
-97.57006639317942 -21.91077689244631
-99.66977441199583 8.120102749464584
53.36225200789018 84.5722771400086
-67.79902445217768 -73.50709002084774
-93.91570529052458 34.34880346945629
77.45329899244868 63.25335149370622
99.99949014162401 0.31932963414750104
-99.90478611934883 -4.362764083372364
-99.10716469675968 13.333038129749353
-84.00779091794949 -54.246576528718215
17.283548202351724 98.49507074740839
-90.1247909409208 43.33038261838129
-41.26689897042034 91.08810597089567
80.04444482706838 59.940694459827604
-87.15960705220526 -49.02247340256479
9.034254192317592 -99.59107515831221
99.27000694054546 12.06091713030378
-77.48941092927916 63.20910689001475
-45.751998385939885 88.91993389388543
-49.84923322574088 -86.6894108112732
-93.32925530736136 35.91169870353335
96.5931269592042 -25.879872956470628
-77.83876500568752 -62.77839327658329
80.66049138319545 59.10909515312726
12.524178821594086 99.21262492669335
-93.61500738096957 35.16006816064229
-84.15077823459438 54.0244992805312
-98.88383406613028 -14.89924026190648
-68.41369126575972 -72.93536074767377
-51.97303122087313 -85.43303825636863
-10.621606204119356 99.43430736745046
-49.58495034643776 -86.84084695085201
60.52025182338212 79.60715495000693
34.525760828774764 -93.8507956236613
83.00503425429383 -55.76884693485699
-76.1581021046486 64.80697095080063
-32.269271091895526 94.65037846304554
19.325484487953716 -98.11485947248694
75.70523482097362 -65.33542240393984
37.98145433162004 -92.5062653383816
-36.24513003459823 -93.20027118402106
56.199866549321285 82.71381383927644
-82.20116254342244 -56.94707083344889
-46.89568980895835 -88.32210525877403
33.54002792491293 94.20757149399437
64.70518437247001 -76.2446005650542
-57.68241684987133 81.68683361691576
42.539676213176044 -90.50069584085055
-97.03095538510921 -24.18664294715053
-99.89483474532013 4.584974504311195
20.574955375755604 97.86046807207528
40.79600712686412 91.29997701261952
16.424003721028456 -98.64204023524475
-98.34249352644859 18.13157375961658
86.66698195449457 -49.888217435576024
54.06034976789399 84.12775156256683
-93.73032546910429 -34.851486158495156
97.58730210814426 -21.83388346707438
6.3956797912833725 -99.7952668216653
-49.77967784105504 -86.72937030810712
56.83125572644949 82.28127595361475
85.37022673836111 -52.076140281714565
88.47324857721655 46.60991617879235
-0.9071337897697417 99.99588545678996
95.97111701720226 -28.098838027051425
88.79963545776258 -45.985049119996354
-99.97844131373714 2.0763603915551294
97.688535856066 -21.37638796191042
66.75269361692686 74.45856495316501
-98.2959045510207 18.382468509333243
-99.75872399629172 6.942404960220181
84.49609236823305 53.482804474887324
85.0632507507392 52.5760722355414
-87.25867184977261 -48.84592293133279
59.31043308854688 -80.5125612985266
32.4754473280491 94.57983569896444
-13.546576650242686 -99.07820275448631
52.13747107612259 85.33278449568186
66.86139651935999 -74.36096862925412
88.96345270607748 -45.66731963465249
-98.19358851903536 -18.921394603843783
60.47762073541221 79.63954664727594
44.57272347400629 -89.51688288870301
59.33412950711404 -80.49509969950356
84.48559895895808 -53.49937914168821
-61.21332205904474 -79.07546523730143
-27.930162617779946 -96.02034167896075
99.98347283706707 1.818009746803494
98.673259229539 16.235390756621662
-92.37909494867948 38.28972207346065
-91.18707122781674 -41.047753177160324
-32.1202346787436 -94.7010587278856
-42.71728477640783 -90.4169982986124
-94.86056926664847 31.646048701336944
99.28678618126976 11.92200024303052
45.84385792843474 88.87260933627127
-54.832782420504685 -83.62634735551704
91.55890210061341 40.21153374506239
-5.81337180208371 99.83088053448562
-79.93759505593735 -60.08311656924082
94.00886419449037 34.093011789248926
-93.78445120702462 34.70557176876963
-74.2267182649496 67.01040438331796
77.02123938131885 -63.778747903714596
-17.213293366855332 -98.50737298023216
-38.21572776080184 -92.40972974591084
92.77128715152152 37.32945593294843
90.8099684605968 -41.87540600621578
15.487485814190702 98.793409613978
-72.20975213663007 69.17912760628344
-83.49874714556036 55.02689547050402
-99.36436257614793 11.257151053255585
54.3646535015301 83.93142706792595
85.37018792262069 52.076203913653586
57.69103046463846 -81.68075051031398
-64.65624393214051 -76.28610699588452
-96.62278621075762 -25.768918969763295
-99.52577609480737 -9.727275709378736
-22.584091103752282 97.41641970949978
29.505214537060898 95.54811518351374
-99.59951522044769 8.940725241936976
99.68094990632314 7.981743279077465
75.37568332896014 -65.7153434343329
-96.57798976746443 25.936304526195226
-55.61783895062457 83.10629332645266
-59.28389886871885 -80.53210126976394
-99.56276433990206 -9.341089711437602
-90.14433088289962 -43.289717135531255
15.966352151890645 98.71714946736367
17.212165873021426 -98.50756999317157
89.03951959796743 -45.51883071612423
-72.92821925446856 -68.42130396573981
62.36009275270877 -78.1742849783326
-98.23034537534647 18.729635539437158
59.69471164410586 80.22805869349608
-48.37836586529832 -87.5187620810723
-58.80269952711951 80.88413026251379
35.323144620447934 -93.55359669260675
42.75315879601577 90.40004100089037
91.72047923982302 -39.84160749790594
0.80663531743809 99.9967466444017
78.56104080308943 61.87214937219587
-35.235279506962165 -93.58672490298105
99.43710230414456 -10.595408692216015
-65.87527872443101 75.23594654803331
72.96011437016332 -68.38729202924097
-58.3300602375372 -81.22563679458156
-96.76940209859846 25.212751089077283
-18.024075244114957 98.36225247316412
18.3124724809418 98.30896882601682
-61.49975690165219 -78.85290039711718
-25.608792379945022 96.66534928732669
98.77564477963212 -15.600384558334884
77.95022299553256 -62.63994520229681
51.891647878424365 85.48249458492432
-48.13444301610116 87.65315393943169
-55.279125109976505 -83.331976618076
-86.08639106748875 50.88352653831487
-25.280583144370887 -96.75170342624749
-81.16759921471889 58.410793845990185
70.25817656884956 -71.16030231259812
-87.94986193638928 47.59014378387676
93.69321033974227 -34.95114213059159
-2.8911652345856598 99.95819708051123
89.88178499131516 -43.83223387844832
-99.32393569403129 -11.60843651177617
18.63737392798854 -98.24789205407072
99.77457708032571 6.7107204115610815
-86.08648699435409 -50.88336424580145
13.639032946806578 -99.0655176147378
90.49223841280197 -42.55766425734156
79.60735824623964 -60.5199844105636
97.4562835232222 22.41144354657523
43.413066594708226 -90.08499125183633
-98.79907693260752 -15.451291119666974
-99.43148456685216 -10.647998724259798
92.98531994535558 36.79307373215585
95.13849955713287 -30.80042048442567
99.9228979048818 3.9261271363228545
99.02975985825128 -13.896282323595848
-2.280359604499113 99.97399641943984
-78.10902422652893 62.44181559163311
22.310099159824635 -97.47953362362169
-90.38304845610071 42.78907047111622
-57.046422238782725 -82.13224524968568
99.75595977848 6.982011792762844
-11.972993415771295 99.28064981992159
86.3471350620766 -50.4397885262369
88.81882944526441 45.94796552594066
10.993604057561381 -99.39386635917515
-68.75815104640498 72.61072003967291
26.94058927200571 -96.30267207963178
-58.37893647972808 -81.1905153050273
46.383953641320936 88.59192313410851
18.219681943903858 -98.32620805188708
-43.488207645919026 -90.04874122243703
-99.52092185415121 9.776815089789109
-7.991478745048025 99.68016988081153
70.36759794927139 71.05210172014405
34.31967586473431 -93.92635332290705
-9.078750907998971 99.5870286832101
-85.33962657251647 -52.126271077676776
-4.708582507732074 99.88908474286808
-80.50736413101662 -59.31748747777421
-99.63041469907799 -8.589555686398784
-13.397178367423948 -99.09851468004668
-81.07794540899968 58.53517547812825
98.44736324176182 -17.553252426391033
99.24899516114644 -12.232618669063951
-97.02432610994369 -24.21322248093591
6.2245528982724325 -99.80608669423228
-72.02368201327623 -69.37282774437315
-57.028513823701466 -82.1446809663285
99.99687416424197 -0.7906689451076724
91.46376106675949 -40.42747100082729
-58.919966498614315 80.79874719203366
-99.61632946274119 -8.75139442435323
-41.3433453163964 -91.05343375210626
-86.37283024022109 50.39577557984348
-84.23079495381145 53.89965845391761
-68.94832226562464 72.43016537849108
-99.28608578090046 -11.92783175215327
-80.27127859334553 59.63658133217822
-11.573009165592376 -99.3280698435901
86.16010563547853 50.75860712118862
-52.858635986894306 84.88795321837488
74.21794126694465 -67.02012529155968
-36.23231928193286 -93.20525220958353
-82.9371597767009 -55.8697371407275
-88.00694492416592 -47.48449899825022
82.30440731356903 -56.7977511593736
-52.16488564894838 -85.31602841923748
-69.60680670803347 71.79757976359973
30.113403844043408 95.35818218131863
-66.2730870991872 -74.88576584601073
-45.83695569665623 88.8761694295089
-17.36773258606234 98.48026129544452
-88.90558855618671 45.77986810245355
-7.007910446766613 99.75414372932133
-41.30888286640441 91.06907376453151
32.63198908245129 94.52593976535107
99.833792151824 5.763154048470796
53.026193233246325 84.78338770767787
-94.20555775405077 -33.54568360084803
-77.96494535716893 62.621620032171485
91.91397360530989 39.39316509348285
87.17889477024532 48.98816496500449
-6.737266527078946 -99.77278807241532
97.48357337208417 22.292440929819314
45.23347569945458 89.18482312673413
-14.589183629251934 -98.93005469033143
91.6737802333787 -39.9489426358469
-98.05350045426687 -19.634435277468178
-27.62047442477292 96.10988186732135
-47.822473036885526 87.82375004881285
41.17633126850627 -91.12908286198338
37.141309478376186 92.84677231994381
78.29005154558686 62.214691424046705
66.13570011862343 75.0071274601255
81.77979196910549 57.55054843778493
-2.786598030682134 99.96116681699648
-96.16834121335206 -27.41623876961048
-91.83915985345536 39.56726825813824
79.68610460755721 -60.41626215244907
97.71255056499312 21.26634576234628
-97.25043475957818 23.28847223570121
-87.9855044300511 47.5242149876193
-99.4820886846728 -10.164350984440365
-96.66996831650141 -25.59135060301846
-6.849763446149125 99.7651278790931
91.50249325145438 -40.339728912915916
68.30002448147381 73.04181443413135
38.49688539749001 92.29295647389631
-91.33585578424488 40.715616760152606
-90.72130687204708 42.06714251560073
-75.6330818608944 -65.41893401931313
99.11962273540497 13.240105316461403
-56.3163605721836 82.63454200214221
-50.49653959747785 -86.31395882868745
-97.26430693196629 23.23046700013271
-99.816616190088 -6.053357114912519
67.78002192793357 -73.52461239237404
99.9942864525527 -1.068960637644988
-98.14411727362884 -19.176345965282064
7.162408357285466 99.74316972366321
45.71606734647499 88.93841232208142
62.460004972008406 78.09447982345925
-77.95306018271502 62.63641439410473
26.858195523249183 -96.32568366347014
17.16656541247711 98.51552685713631
-26.20144377244043 96.50639535408855
71.15994169000197 -70.25854182002014
-37.18052018224963 -92.83107733392588
97.51092374950628 -22.172499848189712
98.3901832419449 -17.870977634603708
-69.67479341497929 71.7316050467293
93.0932447237699 36.51914274459752
-72.69799490127096 68.66586879472787
1.3901165604305918 -99.99033741291413
60.92122161332498 79.30072356000382
90.8252014719909 -41.84235626219279
-99.14852496515903 13.021904516361554
-9.239953630216636 -99.57220122560034
-5.231804068056901 99.86304735082673
-63.15634717129366 77.53241781331876
65.9216364218566 -75.1953313142814
43.64187053484245 -89.97436932938207
46.650888121221556 -88.45165141195088
-5.52868466116517 99.84705126300625
99.79463761582909 -6.40549007690648
31.946775477653745 -94.7597147345874
-77.00387597604981 63.79971069421193
-3.0289845199393035 -99.95411573706191
-9.62651317361174 -99.53557275727246
60.575242824202554 -79.56531880655602
-32.60218096740368 94.5362247827184
83.47030670870862 55.07002721947859
50.36661971453357 86.38983515745102
-94.85119140195363 -31.674145444351893
56.29668030857605 -82.64795088950473
79.32750173012538 60.88634879229461
74.61191821805059 66.58124105048606
97.34358852749509 22.895977214124898
23.06330073521106 -97.30408089693469
99.46805697781801 10.300759246655119
60.6628039243359 -79.49857998755435
-90.28643946924392 -42.99254409739617
46.749400352309635 -88.39962424523914
-57.58586187622636 -81.75492958820392
27.006389550438044 -96.28424026521677
-42.93274411628776 90.31489070272609
84.9623779663218 52.738926139123066
-16.616293542807618 -98.6098310965963
-99.76614331045484 6.834957860717722
-17.683872922398773 98.4239840611243
-99.52960482607817 -9.688021633167361
-99.96967557022437 2.462512209936182
59.13120320959393 80.64428564371879
-85.04119031348726 52.61174726299478
-46.110994970766455 88.73430082446106
-88.64590879060869 46.28069635049894
-99.20084736305512 12.617126552897947
-61.30005878605497 -79.00824509395335
-99.80511921282785 -6.240046387104912
59.78550785582621 -80.16042072257945
-64.60132202878266 -76.33262207034107
98.80847167836369 -15.391098875194137
-16.57964348080785 -98.61599982786416
-16.660773574140787 98.60232565163568
-16.889090820414445 98.56347503644437
11.837301379205458 -99.29691987195706
-12.068299381572228 99.26910974737682
-91.07125709711383 -41.30406917909413
43.57182618755714 90.00831052009202
-42.245699123982746 90.63829712393058
-3.7068678339572356 99.93127203664312
-24.190546841642995 -97.0299821885085
-82.27676341031345 56.837788510139156
-98.60304396306817 16.656521882351207
96.97640818733436 24.404431054288313
-69.33492905634895 -72.06016661617609
-85.1633027938766 -52.41385176876903
27.739327018824127 96.07564590749695
98.28839412889869 -18.422583411733395
69.815237956823 71.59491985491834
-42.31901338189129 -90.60408989876399
98.02856791999947 -19.758539205974973
-91.09751983674461 41.24611350895889
-88.897017295737 45.796509866161585
69.41560072509304 71.98245880750714
68.28031224569615 -73.06024198995125
54.850863889037306 -83.61448876018022
-24.114937642319898 97.04880103590679
-97.2117133694791 23.44957960753747
83.16619001507216 55.52823460526105
10.913387842490543 99.40270602855527
-59.39546052111051 80.44985562128252
-99.79030967962211 6.472564719268405
98.88679133550802 14.879600107788313
-40.93331319910061 -91.2384999358513
84.7560597322631 53.06986280989475
37.23914686011817 92.80757480470304
-57.08079396206465 82.10836108862681
-52.81229436684758 84.91679200081359
66.86989159012677 74.35332943940502
-45.68434235099017 88.95471243254921
86.462863532741 -50.24115076029416
29.395274227181822 95.58199544427171
25.039348961536774 -96.81441526747135
-99.88561993095756 4.781519738356535
20.63837760385011 -97.84711222044777
78.70239771844638 61.692240949470204
-99.94482661916845 -3.3213900801256977
81.09823173724851 -58.507066317595665
-51.747224681977634 -85.56999905172913
-90.14948852417677 43.27897548266734
38.096304069734224 -92.45902668872495
57.43823760930509 -81.8587127942836
-99.72506059756915 -7.410282640436828
-16.14890880069305 -98.68744978236543
-15.52100369760637 -98.78814931062779
19.822082981085725 -98.01573866625172
-99.88566516716108 -4.780574663550807
-85.66591754496861 51.58827939734607
98.28702240347246 -18.429900354025317
-0.6305636686565737 -99.9980119275367
-99.8025292391135 6.281334052245256
-26.63537531748309 -96.3875343688011
-73.7682078855817 67.51482433769344
98.79578830360785 15.472304723883315
58.313830384333784 -81.2372893805988
94.22981799850035 33.47747600954258
93.18579484995769 -36.28233231452462
14.001159039574244 -99.01498646946607
89.35715386908254 -44.89208229094644
95.07847675555371 30.985210308204024
-91.28758317924695 -40.823732770192244
-79.51758073596112 60.637895361728255
32.60280969078499 -94.53600795605057
75.99437808627117 64.99888075406272
89.58264130909444 44.44041377041991
68.24292293358748 73.09516721015447
22.138592491697878 97.51862756666819
-26.253070725762758 96.49236382982903
85.65692654316473 51.60320663659268
-13.917106605085799 -99.02683547272768
98.12853181284554 19.255940492621036
60.63928071156486 -79.51652428762237
46.461019386693614 88.5515311982197
-14.152886570441408 98.99341292088187
-97.173911224528 -23.6057403469485
-66.05416781825102 75.07893788432499
7.089091431806096 -99.74840741922397
61.10435290457224 -79.15969969696383
81.96732525197615 -57.283135310811616
-57.888095136632856 81.54120701493291
99.93557699893772 3.58893436682681
95.71893892146318 28.94623864596575
-73.5523975479606 67.7498694828762
36.41399581178455 93.13442386689971
46.16939715037861 -88.70392757240579
81.76440079920864 57.572413202386855
