1000
-227.19126302309633 -11.309563151154816
820.7795242160967 41.08897621080483
-317.17126132575777 -15.808563066287888
869.6161201548441 43.53080600774221
820.830447644516 41.0915223822258
-696.9519346240656 -34.797596731203285
296.9323717053426 14.896618585267131
-360.3827880769808 -17.969139403849038
863.6022074609846 43.23011037304923
-652.0795584326238 -32.553977921631194
-976.8541022899118 -48.7927051144956
-909.5039909125227 -45.42519954562614
281.24941501776993 14.112470750888498
-686.4424088749805 -34.27212044374903
483.0229591109053 24.201147955545267
389.0977340489401 19.504886702447006
-510.3154157100764 -25.46577078550382
-152.66388836127055 -7.5831944180635285
872.9469974002702 43.69734987001351
809.6643285648149 40.53321642824075
90.2590749924052 4.56295374962026
521.9292237381362 26.146461186906812
-905.6490226338061 -45.23245113169031
769.3227071900492 38.51613535950246
-996.0616298188713 -49.75308149094357
-664.7869019267814 -33.189345096339075
-993.9334279916219 -49.6466713995811
-72.18685302984613 -3.559342651492307
-288.0009717741774 -14.35004858870887
-144.4855378099694 -7.17427689049847
-222.01556274608288 -11.050778137304144
-416.23657389724667 -20.761828694862334
-506.3760131984585 -25.268800659922928
558.0362990563508 27.951814952817543
-535.7379692441586 -26.736898462207932
-99.94687445859893 -4.947343722929947
-519.436736773655 -25.921836838682747
-136.32655829458565 -6.766327914729283
720.5780726372573 36.078903631862865
-544.6659873651116 -27.183299368255582
158.288900464049 7.96444502320245
-821.9652589735183 -41.04826294867592
468.99699749125716 23.49984987456286
-579.6777136360759 -28.933885681803794
274.21380527885344 13.760690263942674
-42.02790114286813 -2.0513950571434068
48.29647075973867 2.464823537986933
679.665381577888 34.0332690788944
-2.0055086267602746 -0.05027543133801374
-185.21790076022126 -9.210895038011062
58.742690020173995 2.9871345010086996
544.7443383708974 27.28721691854487
-35.92348571787477 -1.7461742858937386
920.2640861343991 46.06320430671995
705.0636000559202 35.30318000279601
-96.18537498698072 -4.759268749349037
847.1101077161607 42.405505385808034
899.0559009319918 45.00279504659959
-287.07905813087086 -14.303952906543543
-252.88990449625896 -12.594495224812949
-442.72169915730683 -22.086084957865342
443.6358630437128 22.23179315218564
909.2297531798806 45.51148765899403
-278.124692168356 -13.856234608417799
-68.31431123405389 -3.365715561702695
-425.5220259995498 -21.22610129997749
-782.2913403713944 -39.064567018569726
-472.86332716343816 -23.59316635817191
591.4330287768114 29.621651438840573
-737.9369578687576 -36.84684789343789
-332.314397442373 -16.56571987211865
69.39764696778298 3.5198823483891486
153.17982256670803 7.708991128335401
493.85778543484207 24.742889271742104
-683.1279277774272 -34.10639638887137
419.5817837488621 21.02908918744311
514.6858137355584 25.784290686777926
-76.78806559487714 -3.7894032797438575
157.50457471280015 7.925228735640007
817.680062511105 40.93400312555525
520.2217000108931 26.061085000544654
-767.0524783201599 -38.302623916008
809.4338525043449 40.52169262521725
-614.5426853756488 -30.677134268782442
140.7297059678615 7.086485298393074
627.5046790316721 31.42523395158361
-688.0157164615721 -34.35078582307861
-949.566555555922 -47.428327777796106
-21.864097303842186 -1.0432048651921093
-793.4123752894442 -39.62061876447221
-934.7548996041512 -46.68774498020757
874.4497140549915 43.77248570274958
996.2934579179941 49.86467289589971
-493.7332266666894 -24.63666133333447
-761.1220613125261 -38.006103065626306
-666.4001734237315 -33.27000867118658
-168.63717699752794 -8.381858849876396
-309.99894878470593 -15.449947439235297
-930.9578615200988 -46.49789307600495
521.0537050744917 26.10268525372459
-104.97488820887986 -5.198744410443994
351.58321124194845 17.629160562097425
429.74249677476814 21.53712483873841
-402.8952783721171 -20.094763918605857
-638.5308592822237 -31.876542964111184
192.4665225484407 9.673326127422037
-506.6958920115778 -25.28479460057889
573.3770639882262 28.71885319941131
593.5863413344546 29.729317066722732
-312.01815665309834 -15.550907832654918
-916.299456344274 -45.7649728172137
434.04096346430674 21.75204817321534
487.213540558105 24.410677027905255
-316.7006303981848 -15.78503151990924
725.9789049638437 36.34894524819218
386.6826457083084 19.384132285415422
-259.45423458175503 -12.922711729087752
584.5404875131535 29.27702437565768
734.5717744894273 36.77858872447136
-980.857261806499 -48.99286309032495
-826.5614273140832 -41.278071365704164
571.231852490617 28.611592624530854
659.1304001047197 33.006520005235984
-26.426074181290687 -1.2713037090645345
89.80612791662907 4.540306395831453
564.2900459390116 28.264502296950585
760.8497800284815 38.09248900142408
95.44731209834822 4.822365604917411
227.65964012673066 11.432982006336534
280.67973709283797 14.0839868546419
547.0268261398367 27.401341306991835
-176.10179273041933 -8.755089636520966
-964.5862280491053 -48.17931140245527
-499.2651425649266 -24.91325712824633
-86.91476805201353 -4.295738402600676
-447.95234947250503 -22.347617473625252
-583.4470990117344 -29.122354950586722
885.923313293426 44.3461656646713
493.5420521700005 24.727102608500026
-481.38744267420134 -24.019372133710068
-4.224526498376008 -0.1612263249188004
488.17286358489673 24.458643179244838
-700.3875626984441 -34.96937813492221
-297.8329579794432 -14.84164789897216
241.54325075724842 12.127162537862421
-897.9526633303312 -44.847633166516566
742.168908585927 37.15844542929635
38.69687699988367 1.9848438499941836
283.23903293030435 14.21195164651522
137.85077321224253 6.942538660612127
51.66604779338468 2.633302389669234
441.9938774642203 22.149693873211017
-839.7562935051681 -41.93781467525841
-454.5064889927015 -22.675324449635077
821.0367378390495 41.10183689195247
966.7267303397475 48.38633651698738
-922.5000895947428 -46.075004479737146
-625.3798891021513 -31.218994455107566
-25.940085861766192 -1.2470042930883096
-715.3458853891836 -35.71729426945919
-616.6909551127537 -30.784547755637686
16.298172350195614 0.8649086175097808
983.4599446411514 49.22299723205757
911.2625679045777 45.613128395228884
-229.06503388690294 -11.403251694345148
204.4296477859857 10.271482389299287
686.3967818738747 34.369839093693734
-142.88618366365858 -7.09430918318293
-27.555157139113476 -1.3277578569556738
79.31399597269547 4.015699798634773
829.6360617385492 41.53180308692746
287.40865010069797 14.4204325050349
669.2716888199261 33.513584440996304
-340.2120824809052 -16.96060412404526
491.4051470294221 24.620257351471107
15.207632127807415 0.8103816063903708
-942.5831842160559 -47.0791592108028
-706.9687071337696 -35.298435356688486
634.2734452943153 31.763672264715765
-788.312072781426 -39.3656036390713
259.3985375385339 13.019926876926696
-298.21241143658676 -14.860620571829338
-263.2632969513877 -13.113164847569385
101.07251853525781 5.1036259267628905
145.5706174606887 7.328530873034436
-822.9490941480237 -41.09745470740119
36.894674953164895 1.8947337476582449
-831.181859183681 -41.50909295918406
785.0033115405136 39.30016557702568
-768.8631746688188 -38.39315873344095
982.0317602974967 49.15158801487483
-913.4399358037841 -45.621996790189215
-105.93100656203205 -5.246550328101603
-3.54958065095218 -0.127479032547609
170.72164665641776 8.586082332820888
-119.41147900864735 -5.920573950432368
735.9573068415048 36.84786534207524
614.7060845648496 30.78530422824248
-746.2612404156234 -37.26306202078118
549.8753290617599 27.543766453087997
237.80937033112468 11.940468516556235
735.5050246785227 36.82525123392613
30.006455667162072 1.5503227833581037
805.825751305988 40.341287565299396
302.91599912720653 15.195799956360329
-42.13848129924554 -2.0569240649622773
-668.6953903510598 -33.384769517552996
-362.0986167827425 -18.054930839137125
582.8601972235649 29.193009861178247
-617.0441666747945 -30.802208333739724
319.00754818359314 16.00037740917966
669.3881287734628 33.51940643867314
-727.4718871433749 -36.32359435716875
-4.949182267785432 -0.19745911338927158
492.44638969436824 24.672319484718415
127.77235236911201 6.438617618455601
-151.04712748702286 -7.502356374351144
313.4099478304322 15.720497391521612
-51.903335301944026 -2.5451667650972016
30.855930870671955 1.5927965435335978
852.8094144975105 42.690470724875524
880.9384452419981 44.09692226209991
444.03170842984355 22.25158542149218
423.8058563852503 21.240292819262518
58.5133103864589 2.975665519322945
657.8000551471819 32.94000275735909
-853.731085576487 -42.636554278824356
-489.8529651397514 -24.44264825698757
107.30193626849109 5.4150968134245545
-913.1796600635128 -45.608983003175645
-120.68544114169822 -5.984272057084912
641.5063006486557 32.12531503243279
-736.4018608220653 -36.770093041103266
-911.0780861784272 -45.50390430892136
255.11955806470746 12.805977903235375
842.2123600013599 42.160618000068
749.2892807574899 37.5144640378745
-313.14601243124525 -15.607300621562263
299.93008399502764 15.046504199751384
647.1633789924886 32.408168949624425
-128.35760176429994 -6.3678800882149975
73.80920122953307 3.7404600614766537
-369.35724815306287 -18.417862407653143
465.7560694714259 23.3378034735713
-607.104894347417 -30.30524471737085
-672.2465135420334 -33.562325677101676
983.269266050429 49.21346330252145
-313.3163017797398 -15.615815088986988
-1.504231838758983 -0.025211591937949154
-232.9603515876322 -11.59801757938161
-486.2766705282106 -24.263833526410533
-971.8965710624066 -48.54482855312033
-462.47987909293033 -23.073993954646518
-273.7635436755994 -13.63817718377997
666.6213705107591 33.381068525537955
-465.5297514622339 -23.226487573111694
977.8343660160697 48.94171830080349
-119.86192884094169 -5.943096442047085
-204.385630312393 -10.16928151561965
849.9679284882689 42.54839642441344
269.0487261373046 13.502436306865231
-411.3253859840536 -20.51626929920268
-212.46645456245506 -10.573322728122752
-127.30469164560441 -6.315234582280221
-781.9701034896491 -39.04850517448246
516.9158969811983 25.895794849059918
523.6523143281279 26.232615716406396
-482.21430864353795 -24.0607154321769
47.60144597142562 2.430072298571281
-287.17226100208484 -14.308613050104242
-409.71231383270015 -20.435615691635007
-690.7675547729064 -34.48837773864532
396.76724648819163 19.888362324409584
-523.5912293814633 -26.129561469073167
398.22392139989574 19.961196069994788
-281.4302315554737 -14.021511577773685
-178.89831179023804 -8.894915589511902
-819.6191537809086 -40.930957689045435
80.05047619499692 4.052523809749846
610.132347766744 30.556617388337205
-877.1545966920215 -43.80772983460108
-671.6738741313518 -33.5336937065676
460.23096380293737 23.06154819014687
-491.5875583410516 -24.52937791705258
-387.850080636454 -19.3425040318227
-783.1259295736069 -39.10629647868035
967.0896568056035 48.404482840280174
91.39638722135396 4.619819361067698
-595.0131414692985 -29.700657073464924
890.6550748505974 44.582753742529874
906.7240260348367 45.386201301741835
-67.47347006551752 -3.3236735032758764
896.4024179621244 44.87012089810622
194.5339851857534 9.776699259287671
73.6216602773161 3.731083013865805
-49.772635207985445 -2.4386317603992724
-892.6176200305687 -44.58088100152844
271.20555897530926 13.610277948765464
-999.2875654500226 -49.91437827250114
754.671147237641 37.783557361882046
-999.9619574117049 -49.94809787058525
704.1813948939505 35.25906974469752
892.217841538999 44.66089207694995
441.74568071960766 22.137284035980386
-264.74730084802127 -13.187365042401064
-26.836992280444065 -1.2918496140222033
-805.9112827834858 -40.2455641391743
-29.307028774339983 -1.4153514387169992
-464.2217594283884 -23.16108797141942
66.41396846780776 3.370698423390388
943.5132587103049 47.225662935515246
54.05927407819149 2.7529637039095745
-370.26639525136056 -18.463319762568027
-840.0041137514401 -41.95020568757201
859.1786310370139 43.008931551850694
180.4838711263576 9.074193556317882
852.1465186635187 42.65732593317593
-823.1818045726371 -41.109090228631864
-381.4325804243124 -19.02162902121562
906.0320058341053 45.35160029170527
122.14204177323927 6.157102088661964
660.3321384419487 33.066606922097435
402.76252421847516 20.18812621092376
-529.6144108336523 -26.430720541682614
182.71446988532034 9.185723494266018
-530.937026681912 -26.496851334095602
-124.25861326869892 -6.162930663434946
-308.9867018415962 -15.39933509207981
-384.4955056262045 -19.174775281310225
642.829677395056 32.1914838697528
-416.7217720785245 -20.786088603926228
-966.3601343999286 -48.268006719996436
-484.1932858892342 -24.15966429446171
302.7363071914863 15.186815359574314
480.5067914061972 24.07533957030986
-506.2000592868445 -25.260002964342227
72.71230386620346 3.6856151933101726
981.1213874448015 49.10606937224007
-376.990792793982 -18.7995396396991
-387.9114925796936 -19.34557462898468
648.4941642595334 32.474708212976665
-95.29843486014863 -4.714921743007432
17.55597098677606 0.9277985493388031
223.33364057301446 11.216682028650725
-199.45940963139594 -9.922970481569797
-231.75802184553527 -11.537901092276764
799.1210380640573 40.00605190320287
-27.699991433300283 -1.3349995716650143
690.633822462536 34.5816911231268
-491.28722996620144 -24.514361498310073
449.0774277285168 22.503871386425843
328.7807770901404 16.489038854507022
378.3779796137462 18.968898980687314
-548.6012563535554 -27.38006281767777
352.9553964555025 17.69776982277513
-84.59651014084773 -4.179825507042387
-16.853430142995194 -0.7926715071497596
327.00630191961386 16.400315095980694
891.3748495769537 44.618742478847686
330.469660830968 16.5734830415484
-231.85810913180865 -11.542905456590432
-369.32041462066366 -18.416020731033182
282.7214856524936 14.18607428262468
660.943498696646 33.097174934832296
286.91746930982686 14.395873465491345
665.8459149374576 33.34229574687288
-323.5080710881713 -16.125403554408564
-378.6329335954723 -18.881646679773617
-601.1427016821615 -30.007135084108075
870.1464242530794 43.557321212653974
-150.59311712773547 -7.479655856386774
305.9000697071683 15.345003485358417
-611.3111156481575 -30.515555782407876
-629.7606591215454 -31.43803295607727
709.3845443657885 35.51922721828942
-922.606167715182 -46.0803083857591
-990.9932361413858 -49.499661807069295
536.6087915982123 26.880439579910618
-872.0440862786713 -43.55220431393357
-430.6565084774154 -21.48282542387077
237.08497662221794 11.904248831110898
796.7792338843085 39.888961694215425
-110.65628467064198 -5.4828142335321
-974.6194280311078 -48.6809714015554
716.57745055643 35.8788725278215
-320.05395026330507 -15.952697513165255
-260.08953073337034 -12.954476536668517
-630.6339833742618 -31.48169916871309
-581.4444592724293 -29.022222963621466
355.29300859111754 17.81465042955588
830.5237801118553 41.57618900559277
441.2662379485969 22.113311897429845
-469.18521647092007 -23.409260823546003
598.5527910607609 29.97763955303805
502.80483937655026 25.190241968827515
131.92278907847503 6.646139453923752
-629.8682515174312 -31.44341257587156
-740.6503550479674 -36.98251775239837
220.05511773720082 11.052755886860043
-430.0734884391279 -21.453674421956396
116.60049764068185 5.880024882034093
-818.6776557851803 -40.88388278925902
-573.4869950093002 -28.62434975046501
-384.99927994797883 -19.199963997398942
933.5360841075726 46.72680420537863
840.596502773114 42.0798251386557
-698.5114138767785 -34.87557069383893
6.390789803234952 0.36953949016174764
-916.3251543721111 -45.76625771860556
486.7969289223179 24.389846446115897
-545.4134074694776 -27.220670373473883
-481.0837768995209 -24.004188844976046
-528.2323969822116 -26.361619849110582
229.24286773790004 11.512143386895003
-68.29053130588284 -3.3645265652941423
-416.0959066553413 -20.754795332767067
-510.0843079327335 -25.454215396636677
-277.3701308046461 -13.818506540232306
-940.6489129182596 -46.98244564591299
-600.491463048719 -29.974573152435948
-585.3983614963228 -29.21991807481614
353.89657334635103 17.744828667317552
-416.65971624815666 -20.782985812407833
-271.2287924779308 -13.51143962389654
220.44014580365865 11.072007290182935
580.2365852159885 29.061829260799428
-922.8351364887459 -46.0917568244373
-935.0802465258141 -46.70401232629071
-868.7504356888567 -43.38752178444284
-557.154636246519 -27.80773181232595
557.4955585808027 27.924777929040136
-463.8442026028289 -23.142210130141446
715.590254926607 35.82951274633035
312.26696553497436 15.663348276748719
891.1784024438421 44.6089201221921
-581.2525612427739 -29.0126280621387
-562.6677104345313 -28.083385521726566
-127.15542918293795 -6.307771459146898
-393.8303451777234 -19.64151725888617
958.504400110924 47.975220005546205
-195.85744915940722 -9.74287245797036
-928.4084921159068 -46.37042460579535
-271.67280394108093 -13.533640197054046
-234.06722389620825 -11.653361194810412
187.89902593093075 9.444951296546538
-763.7041222602177 -38.13520611301089
317.51726924205354 15.92586346210268
-67.05120224831387 -3.302560112415694
835.0670798919659 41.8033539945983
-915.0990862790385 -45.70495431395193
382.4980582523524 19.174902912617622
-971.9954484877209 -48.54977242438605
217.2055057730356 10.910275288651782
495.21911158152534 24.810955579076268
622.357636258311 31.167881812915553
-425.45245157675765 -21.222622578837882
925.7630823214579 46.33815411607289
279.7735739102184 14.03867869551092
376.1075957919079 18.855379789595396
-285.11941246779577 -14.205970623389788
-463.9886587406435 -23.149432937032174
-497.3182234583158 -24.81591117291579
-375.3488871103599 -18.717444355517994
572.1713222874637 28.658566114373187
-917.7785534932063 -45.838927674660326
854.7813832135023 42.78906916067511
337.6278715101971 16.93139357550986
385.6243640720056 19.331218203600283
-22.55901100418089 -1.0779505502090445
-788.0213945406771 -39.35106972703386
631.3394946606495 31.616974733032478
637.0730013188695 31.903650065943477
128.0213867044231 6.451069335221155
-686.0062135225613 -34.25031067612807
-966.7633491825341 -48.28816745912671
672.5649831629621 33.678249158148105
835.8014589090126 41.84007294545063
292.9085762387472 14.69542881193736
-327.319090682127 -16.31595453410635
922.612524651061 46.18062623255305
-931.9554152289707 -46.54777076144854
-620.4564522693977 -30.972822613469884
-41.24064708587059 -2.0120323542935297
497.5632142113759 24.928160710568797
-649.8040090873052 -32.44020045436526
838.5055592871815 41.97527796435908
646.1012667266298 32.35506333633149
-481.8894484725121 -24.044472423625603
-557.0840336141061 -27.804201680705308
375.694600186426 18.8347300093213
111.58515084721307 5.629257542360654
-305.2232869713654 -15.21116434856827
-107.17612253751474 -5.308806126875738
-566.6080992461069 -28.280404962305347
70.35713184794577 3.5678565923972885
-706.3755357900791 -35.26877678950396
-735.8403404877731 -36.74201702438866
-238.1462351354602 -11.85731175677301
579.39925460633 29.019962730316504
755.3060365550609 37.815301827753046
95.06103511052538 4.803051755526269
570.7360983577516 28.586804917887584
137.07645004954657 6.903822502477328
693.792782138441 34.73963910692205
326.1323726691469 16.356618633457344
-536.855372518856 -26.792768625942802
-468.24337488612787 -23.362168744306395
-573.597210325749 -28.629860516287447
-30.763953140891203 -1.4881976570445603
-428.2083557566201 -21.360417787831008
-292.0098704476228 -14.55049352238114
120.35981242607681 6.067990621303841
322.35274771163085 16.167637385581543
-24.9085737501116 -1.19542868750558
-960.7381066526997 -47.98690533263499
932.8053720550577 46.69026860275288
805.2076021085561 40.310380105427804
-896.9768343422522 -44.798841717112616
736.6732662546638 36.883663312733184
-627.0542428523569 -31.302712142617846
628.7508431360066 31.48754215680033
-842.3588558642075 -42.06794279321038
340.5695535972684 17.078477679863422
-520.2651644018385 -25.963258220091927
-306.14121151532925 -15.257060575766463
-495.6034232608908 -24.73017116304454
793.6885970297064 39.734429851485324
113.4475338116697 5.722376690583485
620.6946543429269 31.08473271714635
-815.7094304761586 -40.73547152380793
14.598681516937631 0.7799340758468817
4.155151945153079 0.25775759725765396
840.4802906522448 42.07401453261224
-423.60676396812335 -21.130338198406168
-956.8647892469999 -47.79323946235
-267.0962497717659 -13.304812488588293
-131.85075556466506 -6.542537778233254
502.35349737865135 25.16767486893257
-995.3996094139457 -49.71998047069729
-130.84318732796248 -6.492159366398124
-231.732067306589 -11.53660336532945
376.3812309362347 18.869061546811736
297.6835637728989 14.934178188644946
15.783169088374734 0.8391584544187368
304.5981009210411 15.279905046052058
640.175298834766 32.058764941738296
-441.0350585813445 -22.001752929067226
-626.1521695418721 -31.25760847709361
-532.7105482996603 -26.585527414983016
-773.4768274034569 -38.623841370172855
911.5182679579573 45.62591339789786
-121.2639894361638 -6.01319947180819
50.61679182019361 2.5808395910096804
454.7422112174513 22.787110560872566
677.3698107817002 33.918490539085006
265.228829968617 13.31144149843085
-757.6933435824844 -37.834667179124224
718.7864104381326 35.98932052190663
626.2405659745089 31.362028298725445
576.0747641716127 28.85373820858064
180.4292817475971 9.071464087379855
101.72906407409687 5.136453203704844
-604.4630984614372 -30.17315492307186
-79.821453415934 -3.9410726707967005
-142.4680178005142 -7.07340089002571
841.5527901858231 42.12763950929116
-373.3810782495615 -18.619053912478073
765.1787177663575 38.308935888317876
296.65589015522096 14.88279450776105
-639.4883181362788 -31.924415906813945
657.9047126552953 32.94523563276476
-904.126587093346 -45.15632935466731
226.02279599646 11.351139799823
-323.7075224582479 -16.135376122912398
-530.2994259911276 -26.464971299556378
-93.85187157521591 -4.6425935787607955
478.4721285343817 23.973606426719087
384.6150303631896 19.28075151815948
-839.7081234385712 -41.93540617192856
-406.7047533416162 -20.28523766708081
-941.9111114775931 -47.04555557387966
464.3789494442826 23.268947472214133
-902.2150497695101 -45.06075248847551
-761.3087490037824 -38.015437450189125
802.7493032157643 40.187465160788214
172.4929520388921 8.674647601944606
-968.0723629644361 -48.35361814822181
216.64662795639674 10.882331397819838
181.05300040304633 9.102650020152318
-134.19146910969346 -6.659573455484673
182.21799212294968 9.160899606147485
26.47242391659779 1.3736211958298896
39.779224477584194 2.03896122387921
-28.43122278579085 -1.3715611392895426
-336.7843217094495 -16.789216085472475
-470.4173197144926 -23.47086598572463
-402.54372306476444 -20.077186153238223
-168.26293139390373 -8.363146569695186
382.95529276759385 19.197764638379695
-927.4182991348777 -46.32091495674389
-813.240111381405 -40.612005569070256
-494.09022381130984 -24.654511190565493
677.2029821139026 33.91014910569513
-778.9281262259502 -38.89640631129752
-857.2756649648054 -42.81378324824028
301.6569630084191 15.132848150420957
-286.24869696453277 -14.262434848226638
386.4778499908582 19.37389249954291
-515.706224316604 -25.7353112158302
-465.04181958046445 -23.20209097902322
-57.63681852114621 -2.831840926057311
786.2417528487622 39.36208764243811
976.9860967956354 48.89930483978177
-319.94879871886053 -15.947439935943027
-422.95344996090114 -21.097672498045057
472.0335163139532 23.65167581569766
309.7770009193912 15.53885004596956
480.92584451381913 24.09629222569096
-729.7216844974641 -36.43608422487321
705.5213402717536 35.32606701358768
682.2683440640706 34.16341720320353
-499.0038017959839 -24.900190089799196
-781.3651820048499 -39.0182591002425
-997.9636779455345 -49.84818389727673
-560.8802679578795 -27.994013397893976
511.6488109918955 25.63244054959478
-796.4631758109983 -39.77315879054992
160.2239909622699 8.061199548113496
415.50153524929124 20.825076762464565
297.87235711673566 14.943617855836784
-865.0063752086348 -43.20031876043175
861.087880133621 43.10439400668105
-630.6185563709489 -31.480927818547446
572.5259826760978 28.676299133804893
-788.6476796809408 -39.382383984047046
-890.3585752657455 -44.467928763287276
-234.0605895774886 -11.65302947887443
-377.9564361750762 -18.84782180875381
529.9706985278863 26.548534926394314
-363.8216884271677 -18.141084421358386
-603.7342865600741 -30.136714328003706
818.8269679741645 40.991348398708226
892.4217302880738 44.67108651440369
180.83253344517448 9.091626672258725
78.71857292972618 3.985928646486309
931.1984440056149 46.60992220028074
-242.38358850665827 -12.069179425332914
419.48805712092917 21.02440285604646
-778.4248693837787 -38.87124346918894
219.09219988913833 11.004609994456917
-695.8714954175787 -34.743574770878936
991.8917307714398 49.64458653857199
-264.72150425590746 -13.186075212795373
534.5931922347454 26.779659611737273
-780.8566666113248 -38.99283333056625
554.4244063420308 27.77122031710154
368.3894612966178 18.469473064830893
-194.90033593116095 -9.695016796558047
-376.4758257767247 -18.773791288836236
-274.0456903816961 -13.652284519084805
-309.84278036449825 -15.442139018224912
-587.3659854101734 -29.31829927050867
180.01457036342435 9.05072851817122
192.6732238555005 9.683661192775027
-49.29440179707774 -2.4147200898538874
369.3239768248882 18.51619884124441
686.0745089802235 34.35372544901117
-958.0792892736008 -47.85396446368004
470.60157753954627 23.580078876977314
169.21519082588156 8.51075954129408
875.0066064650273 43.800330323251366
-711.9004188030174 -35.54502094015087
41.01504971014356 2.100752485507178
995.3555586661141 49.817777933305706
72.20171173693575 3.6600855868467876
-722.2311382342011 -36.06155691171006
562.7732971652763 28.188664858263817
-275.1574171672719 -13.707870858363595
898.4562421407757 44.972812107038784
-583.88200320326 -29.144100160163
411.2341219504424 20.61170609752212
847.1177602017133 42.40588801008566
-660.7794833486964 -32.988974167434826
-640.1402685000255 -31.957013425001275
957.1399075780305 47.90699537890153
22.231014766237422 1.1615507383118713
687.876099984597 34.44380499922985
931.7288735654213 46.636443678271064
-335.130488500047 -16.70652442500235
-550.2250201850707 -27.461251009253534
-569.2970699284206 -28.414853496421028
-467.1805980995954 -23.30902990497977
332.8541003900607 16.692705019503038
-797.1040029553895 -39.80520014776948
-323.49197052273416 -16.124598526136708
-77.96464920899962 -3.848232460449981
-912.5138042414247 -45.575690212071244
174.52628173043172 8.776314086521587
262.5338674804709 13.176693374023547
-209.89537296580818 -10.44476864829041
817.5942516222565 40.929712581112824
-582.7022960663295 -29.085114803316475
-407.2318277383638 -20.31159138691819
-76.13998524055114 -3.7569992620275574
946.3841545724797 47.369207728623984
994.0911612583056 49.75455806291528
-785.2259103094079 -39.211295515470404
-261.7600254625612 -13.03800127312806
697.5639476805645 34.92819738402822
907.9458303079614 45.44729151539807
523.8200978708883 26.241004893544417
278.86044668071963 13.993022334035983
-268.7956806292282 -13.389784031461408
-426.68920125628154 -21.284460062814077
128.37780968510128 6.4688904842550645
-332.44282002014234 -16.572141001007118
4.631520972836938 0.28157604864184693
-446.6783297799486 -22.28391648899743
686.8475393720005 34.392376968600026
12.236096753989841 0.6618048376994922
12.646022912137482 0.6823011456068742
-456.2355208734932 -22.76177604367466
381.59603743081743 19.129801871540874
-373.29895238081303 -18.614947619040652
-933.2271793939831 -46.61135896969916
-205.69236642286978 -10.23461832114349
126.05135659795792 6.352567829897896
866.9838711462244 43.39919355731122
129.61192443155778 6.530596221577889
-489.58906026553615 -24.42945301327681
101.67671236976639 5.13383561848832
172.93661146614818 8.69683057330741
-716.0605650245941 -35.75302825122971
562.304833757961 28.16524168789805
-565.0713219962879 -28.203566099814395
-81.54321237353554 -4.027160618676778
198.16677331193864 9.958338665596933
580.6633517069815 29.083167585349077
674.9827592318043 33.79913796159021
238.65124638966267 11.982562319483135
-680.4956568308439 -33.9747828415422
-51.86361452093877 -2.5431807260469386
47.03339326952073 2.4016696634760364
49.53117385993232 2.526558692996616
-728.6447573324319 -36.3822378666216
-476.8167962640247 -23.790839813201234
601.9700314487259 30.148501572436295
251.91652685954546 12.645826342977275
-64.11752533869537 -3.155876266934769
-19.321445008231535 -0.9160722504115768
-977.9549359194159 -48.8477467959708
593.2784871637134 29.713924358185672
-695.1217036337673 -34.70608518168837
251.82867842343353 12.641433921171679
579.883870472223 29.04419352361115
86.50144765667187 4.375072382833594
-783.0577959021048 -39.10288979510524
552.9612870688586 27.698064353442934
405.4713326724536 20.323566633622683
-955.3720944449848 -47.718604722249246
20.836990557242757 1.0918495278621378
463.16759079046733 23.208379539523367
66.53612734355079 3.3768063671775392
-596.0259395634506 -29.75129697817253
-170.89223802254753 -8.494611901127376
-760.114102585627 -37.955705129281355
619.552705470403 31.02763527352015
892.5124386693242 44.67562193346621
-224.53900495513437 -11.176950247756718
844.7551235374067 42.28775617687033
253.13436197309488 12.706718098654745
61.85945027588309 3.1429725137941547
534.7531887746809 26.787659438734046
-983.9292689303554 -49.14646344651778
-938.5005434417875 -46.87502717208938
149.68050045538325 7.534025022769163
269.82702281317984 13.541351140658993
924.501067341122 46.2750533670561
-528.6909878467163 -26.384549392335817
-104.94083521898176 -5.197041760949088
-934.4668056322065 -46.67334028161033
871.6945059920806 43.63472529960403
-947.9369787594212 -47.34684893797107
-288.3098754296609 -14.365493771483045
489.6082459577533 24.53041229788767
250.9732013347059 12.598660066735295
359.4164190353124 18.02082095176562
677.1666060067355 33.90833030033677
69.73294701291843 3.5366473506459215
-313.2930990005842 -15.61465495002921
260.372173667487 13.068608683374352
9.139188704735147 0.5069594352367575
-906.3615640695892 -45.26807820347947
96.61267541556595 4.880633770778298
-970.6507335550297 -48.48253667775149
-775.0131247452543 -38.70065623726272
-125.75473092081984 -6.237736546040993
907.3680063404399 45.418400317022
-210.1710988585619 -10.458554942928094
-796.4658116811294 -39.773290584056475
-896.6108169976601 -44.78054084988301
325.1563814292483 16.30781907146242
-966.2925497758889 -48.26462748879445
-611.7619867512019 -30.538099337560094
-610.4584791117543 -30.472923955587714
799.860257251215 40.04301286256075
-65.04956513429238 -3.2024782567146195
316.9026267423051 15.895131337115256
867.9872828068637 43.449364140343185
404.8058465410063 20.290292327050317
691.7620607270803 34.63810303635402
505.38996734058287 25.319498367029144
-695.6128808043667 -34.73064404021834
-679.9192765054065 -33.94596382527033
-430.856592868913 -21.492829643445653
303.36152378555585 15.218076189277793
664.6369263448462 33.281846317242305
-168.55264090019875 -8.377632045009937
340.2458990266655 17.062294951333275
-104.71443910174094 -5.185721955087048
76.70837372074539 3.8854186860372693
-158.94519074729567 -7.897259537364784
-363.1496523295194 -18.10748261647597
-888.7597514735171 -44.38798757367586
-629.9185535977501 -31.445927679887507
438.99454339652493 21.999727169826247
567.2977275254013 28.41488637627007
357.7320493888492 17.936602469442462
145.37974532340218 7.318987266170109
22.41532159827159 1.1707660799135795
-545.6011840039112 -27.23005920019556
-299.99328489593654 -14.949664244796827
-749.575464663611 -37.42877323318056
-737.5979258357148 -36.829896291785744
-60.314479233335874 -2.965723961666794
812.1256464757328 40.65628232378664
-350.57161103917986 -17.47858055195899
687.3852417389676 34.41926208694838
743.7709849591472 37.23854924795736
-660.5426104342025 -32.97713052171013
-757.7583657316143 -37.83791828658072
435.30490990288513 21.815245495144257
123.45154961770095 6.222577480885048
492.66689707031674 24.683344853515838
276.81297603055737 13.89064880152787
-343.26261849242053 -17.113130924621025
20.832021364436173 1.0916010682218087
118.50165259109394 5.975082629554698
-499.89926298112766 -24.944963149056385
189.94596542371755 9.547298271185879
400.4670953353475 20.073354766767377
-708.6075997224907 -35.38037998612454
-265.55655214309377 -13.227827607154689
805.8810899217451 40.34405449608725
346.28572389555075 17.364286194777538
-139.46747808563862 -6.923373904281932
513.7822723045801 25.73911361522901
-792.6618376996271 -39.58309188498136
-784.9995631683681 -39.19997815841841
-77.39170004773177 -3.819585002386589
-242.42260806405193 -12.071130403202597
751.2027209826069 37.61013604913035
412.6079762246072 20.680398811230365
941.8444652347555 47.142223261737776
-180.78832052011728 -8.989416026005864
-298.5811537645013 -14.879057688225066
-217.00488839238233 -10.800244419619116
656.6509688292015 32.882548441460074
-374.906210705328 -18.6953105352664
607.2041600629218 30.410208003146092
51.889179109217366 2.6444589554608684
273.42292366236893 13.721146183118448
830.6598305445743 41.582991527228714
-294.50521353296847 -14.675260676648424
-395.4693676098617 -19.723468380493085
770.5300980156276 38.57650490078138
-102.68183939644814 -5.084091969822407
318.92255262355025 15.996127631177513
107.13131250466085 5.406565625233043
-638.4530062826357 -31.872650314131786
438.6372527404433 21.981862637022164
-589.3615224817786 -29.41807612408893
-57.679596053426394 -2.83397980267132
213.71904485314099 10.735952242657051
613.9250360863978 30.74625180431989
831.0219729042856 41.60109864521428
39.532395727827634 2.0266197863913815
-41.03525905594813 -2.001762952797407
958.2234452270857 47.961172261354285
-845.2576489071944 -42.212882445359725
-929.3264043640572 -46.41632021820287
632.0769167141891 31.653845835709458
979.6212109845312 49.03106054922656
183.5148173713019 9.225740868565095
-880.21740524235 -43.9608702621175
674.3355034945644 33.76677517472822
758.634364132736 37.9817182066368
-911.6666709076031 -45.53333354538016
-990.748963431735 -49.487448171586756
595.4975047309915 29.824875236549577
-833.3633562973844 -41.618167814869224
-736.045444857536 -36.752272242876806
-631.0483840137142 -31.50241920068571
-442.47108071660637 -22.07355403583032
-250.3432097911284 -12.46716048955642
-75.3833347828172 -3.7191667391408605
296.05932517230735 14.85296625861537
266.8683212005626 13.393416060028132
813.5965951261637 40.729829756308185
159.3120841959228 8.015604209796141
-268.1932362413912 -13.359661812069561
-669.4237015528637 -33.42118507764319
517.7106220202522 25.935531101012614
-785.4915920384074 -39.224579601920375
-12.639309839121324 -0.5819654919560662
644.0298062459876 32.25149031229938
858.0339427803904 42.951697139019515
320.97468003621907 16.098734001810953
-224.2055469506812 -11.160277347534059
350.4348496015393 17.571742480076967
-360.6380070343289 -17.981900351716444
580.2818748927432 29.064093744637162
-548.7714046863571 -27.388570234317854
213.77722631782967 10.738861315891485
713.2672864006915 35.71336432003458
157.48380524583627 7.9241902622918134
-157.90044970364465 -7.845022485182233
-692.3828977801559 -34.569144889007795
586.0085008252415 29.350425041262078
551.7677566565053 27.638387832825266
-29.1459479348772 -1.40729739674386
897.2704831010903 44.91352415505452
792.1951780470147 39.65975890235073
377.8852929476243 18.944264647381218
-498.93974797722905 -24.89698739886145
463.8831593361806 23.24415796680903
576.588312350711 28.879415617535553
-369.48942036124356 -18.424471018062178
-556.5230490682818 -27.776152453414092
-790.7256959175515 -39.48628479587758
-983.8857684621514 -49.144288423107575
-776.4564224766266 -38.772821123831335
-508.05251908016635 -25.352625954008317
814.7066847489232 40.78533423744616
-655.8514859897757 -32.74257429948879
7.414973698474796 0.4207486849237398
-922.19736063667 -46.05986803183351
79.16743095508673 4.0083715477543365
418.4545136454808 20.972725682274042
-751.097876535459 -37.50489382677296
-109.63578876728184 -5.431789438364093
648.3311697118615 32.466558485593076
-333.8002986708906 -16.640014933544528
-81.60592433217164 -4.0302962166085825
867.0428234262997 43.40214117131499
473.859393981159 23.74296969905795
-398.72912098392635 -19.88645604919632
-934.660067695388 -46.68300338476941
-75.62969807999377 -3.731484903999689
-613.3017669307028 -30.615088346535142
931.6409298205538 46.63204649102769
462.72025076948785 23.186012538474394
-355.4297721758601 -17.721488608793003
-999.6459714680785 -49.93229857340393
-364.7447610569885 -18.187238052849427
24.47027121465021 1.2735135607325108
458.3444942667695 22.967224713338478
649.7034364317315 32.53517182158657
-235.82579991784883 -11.74128999589244
-578.3881883352321 -28.86940941676161
6.975848557315658 0.3987924278657829
-321.4504804794756 -16.02252402397378
-4.77418723675396 -0.188709361837698
759.2026829440401 38.010134147202
-93.60635857835314 -4.630317928917657
170.54616115701288 8.577308057850646
703.9323665241673 35.24661832620836
-94.72115647558348 -4.686057823779175
273.2911124354439 13.714555621772195
-599.6715518554481 -29.933577592772405
-173.16410044176257 -8.608205022088129
-186.09996909354254 -9.254998454677127
-864.3223418429573 -43.16611709214787
611.2890596599941 30.61445298299971
772.610677209818 38.680533860490904
-166.95860864286203 -8.2979304321431
-544.4652406527771 -27.173262032638856
726.8972831782394 36.394864158911965
469.82619866213054 23.54130993310653
-839.0610176801065 -41.90305088400533
-841.2087004777968 -42.01043502388985
-447.2020132954939 -22.310100664774694
-875.7869799391526 -43.73934899695764
-483.96467985095694 -24.148233992547848
831.6002669472775 41.63001334736388
-623.3238657395086 -31.11619328697543
987.1114283354304 49.40557141677152
-914.3499300739134 -45.66749650369567
132.09898980152616 6.654949490076308
-760.4302974230608 -37.97151487115304
