100
-27.8840563718242 -93.86770377630182
-89.30256055607214 23.893344610774307
-79.31833269760098 -15.637086604746898
48.4540072373575 42.97966418143059
82.79088533902356 20.560413815725866
29.216417781870064 56.01834462101013
73.25248794235176 91.73787874492456
6.277449780828334 -5.675299675189493
17.49017743002041 5.687729522293722
-5.323917638901861 67.16073539230655
-24.932814467359037 45.08545580954046
76.01485162526689 37.79035275288092
-50.880340700728624 30.0975862242162
-86.1909172203126 -46.160985007464795
-95.13713932890786 -60.44550905085906
71.53097330778411 4.064274157371145
71.57953624202241 -91.63310641765369
-66.31096178126862 42.997272971921575
81.77907022539458 -97.73671047662647
53.79847477946083 25.066482067846565
56.16779382004697 39.16173867132298
-30.448190631203516 53.68281649275613
76.72578226307454 -41.63908784020494
-22.05858684485493 9.003988642038976
-18.493175247484174 -63.65074573354761
-24.51707603165893 -86.42428356346663
29.117205900336472 -86.48241109420425
-91.60677765365412 -91.59638571899053
-8.69774181343368 21.303774486381542
-8.837789380114017 -72.62215411718975
-21.694466289769835 -22.59207922135053
-37.694368601615835 -40.6765242274374
-7.3725436154025346 -82.1317973543045
37.98948010849753 96.869975840302
-52.42275798758418 34.09629167422469
61.78391017241708 -55.743010686889406
14.244162501227635 -31.974246566916392
38.3265971713258 -33.11727386683603
-5.064853617247266 70.10369372870792
-58.23656670017405 -82.87339866000276
-48.72402629985848 -11.052250820730805
54.2828140444648 -49.83884910072691
-8.53779260063618 -48.90618970306393
-48.14912247476912 -36.74903670271037
-45.29113655664163 57.28609225186719
-24.225163879737877 -38.432777719390664
-84.10069536145082 5.116263697907456
-50.83709804276333 61.3524329970237
-50.43364155535299 -92.03797235328422
-72.565721787468 73.9643436563747
38.21300437109397 14.166008866760691
-15.792101053243286 -33.109563187029266
64.80632278304702 57.56792286162488
-98.56666236257536 67.96964745618746
4.080228848188753 82.02977369858164
29.493379694586906 -84.48129317781657
46.88327306561396 -87.59286229871286
-28.809853535109383 -3.3341801814231076
-10.828907481042663 -55.07235959985075
-33.81157993750725 -79.67731122402448
29.050912652076335 5.5028144535550325
-91.96868967319425 -65.35524894142608
53.45640803233064 -53.200061378407426
60.355634926707154 -10.732289746670133
93.12327964078005 -96.42575729502477
42.13978118019094 23.334835223130938
52.831008452706726 20.781312810936598
-43.42690950386461 -53.75639511453869
-48.4361948887915 48.91397985662093
-0.6723209928622964 -89.23624860741666
-13.639518491437201 93.17827012058598
-54.671458946899264 31.88182090462547
-36.687987130630326 -86.30391847055697
-83.41530952309316 -74.14614538764175
-24.137877337033856 74.92078697897995
92.99501809710719 -60.29371879650538
77.16166943798041 -67.55805525644917
-26.54968900316412 47.110722359496776
91.72641340903047 -49.30457837059849
50.57268392220621 -80.90072929649341
-43.83222559493542 86.80647591209905
-68.76316780546674 -87.7421898354175
-80.46855421018327 -33.47312936550286
96.82470520102876 -15.490823672443426
92.99983749061792 -91.72417792777681
-90.49876799526461 16.00873157559461
1.6722840408251614 -2.554346445028216
61.94143135060409 91.27292065541533
11.85110017407493 -98.38842336529714
-23.263824347405986 -68.15905822772316
82.13415930926655 -65.42637468235428
69.83768585271238 41.823994987340484
56.59607973886091 -37.10341047528769
-10.369186071673184 96.77521884628712
91.14925171832729 81.82580691794757
0.6724706793050075 -64.56191167120133
-39.72077865345911 -26.636892343196976
-42.42912205950269 -17.484700848029064
-42.009870462262725 10.414410787499179
94.16699626665743 1.7069690678538336
