100
-9.989363552137402 0.4611028336812164
1.6113684305320004 9.869320735546335
-9.995399973376685 -0.30328101196970314
-2.9380477704445145 9.55865447113693
-6.493094722689071 -7.6052429890298265
8.722108778689162 -4.891300282410952
9.867105348918127 -1.624879082686246
-4.633021489001756 8.862003829972538
-9.152262491630145 -4.029403340979901
9.64496935933669 -2.640940373703356
-0.7642022227510871 9.970756990456756
-3.1947042022127476 -9.475962487281395
9.46865748140916 3.2162906429230476
2.0140622716568766 9.795078007136459
-6.916066068550782 7.222743947797162
-8.37101282884769 -5.470479340904908
-0.006773500732421201 -9.999997705984129
-6.331292817324957 -7.740460662085262
-5.822456518879973 8.13012915553942
-8.964728876167548 4.430985914760698
7.093268496795137 -7.048797204656526
-9.623150533059713 2.7193701142125866
-5.3683963189997925 8.436843068479433
5.680094746960846 -8.230220146845879
-4.57209812196366 8.893588632443958
8.071819700440507 5.903026911981727
-7.559712887295947 -6.546047743612292
2.7730811120238483 9.607810424136009
3.0766494117603616 -9.514947629762059
-9.942133320471795 -1.0742369561528196
2.308101225235411 -9.729988115823513
9.592136718388076 -2.826820329584321
-2.52024152006883 -9.67720944696978
4.930161852125405 8.700201383407594
-6.026920221679848 -7.97973888304038
-6.0502410825676005 -7.962071517062078
1.525244274548657 -9.882997010166326
9.905244857291798 1.3733624128737518
7.840713449647518 6.206707065789114
4.004311048910056 9.163268686641073
-8.66604666261883 4.989953430775986
0.667012961412441 9.977729887570009
4.902555472489758 8.715787390658443
-3.6313932482716718 -9.317348500319548
-5.150455756520782 8.571627937569499
3.7163791413650555 -9.28377757583769
6.435698574741817 7.653873780973014
5.765274081150952 8.170778100597827
7.384186545390935 6.743425617804907
-9.058308006269154 4.236396589503882
9.90044173155492 -1.4075700764387533
-9.919514830977324 -1.2661854200791065
-8.919503007881989 4.521334547717538
-1.0808093400364553 -9.94142098346559
2.8034269902997666 9.598999797377788
-7.3490245671657295 6.781728239261328
-8.649589939859476 5.01842543755327
8.944948029174245 -4.470783461024678
-9.772779419867456 2.119618458736175
5.200559364273553 8.541322046303293
5.196272133808217 -8.54393094022934
-2.4833642220572383 9.686738467647718
9.847402464569676 -1.7403059216089143
-7.05051949376929 7.091556589915873
-6.8036803441379945 7.328706146025389
-0.9920689787554142 -9.950668276120513
8.622934071180186 -5.0640900469956005
5.200346115377021 -8.54145188362512
-9.942535277444138 -1.0705102786890122
0.9052474151043354 9.958942068184095
-8.79145118341966 -4.765541531615168
9.800296599309549 -1.9885136573736875
9.751140727832757 -2.217037326253494
2.305604130516908 -9.730580126248556
-8.950026462116107 4.460608291188709
8.76188685726461 4.819682427348682
-8.993393433390429 -4.372513527966485
9.661161134637972 2.58107836583098
-7.974967023382849 6.0332330450560345
6.405126387328672 -7.679476281775076
-9.61557232608569 -2.746046037817838
-5.446167459176326 8.386850422334291
1.0093534434427947 9.94892987341906
9.930282149862975 1.178769029162525
-9.321141168555666 -3.621647044627169
5.43363773022458 -8.394973556639703
-9.146800077554325 4.04178776548846
-9.859593934798905 -1.6698525206965535
-7.1728279745008425 -6.967821671671724
-7.365832822855073 -6.76346854991955
-8.950529944605739 -4.459597931508622
-7.6059387051869916 -6.492279754673116
9.803862816027788 -1.9708561298348701
-9.331811428610738 3.594063919972768
3.16529019811116 -9.485828269673735
5.51056602383042 8.344678669487868
-9.864750427634046 1.6391153103103857
9.833822901008457 -1.8154688517299418
-9.944032328669895 1.0565136281033003
9.412169974137015 3.378025514698434
