-4.08915841946569 -10
-10 -6.341312474581349
3.7363912735501863 -10
-10 8.851662011430587
10 3.7992318640601592
-5.105893702648694 10
-10 4.076578132536184
0.23545447511545348 10
-10 8.559664404669501
10 4.0460619238391935
4.829762841291789 10
10 -8.317212026897314
6.702408957198237 10
-0.09781976826463357 -10
-2.8627858429234143 -10
-8.469630257236197 -10
-4.1378711968586686 -10
0.8180330161640814 10
10 0.9539637473330309
10 1.5284432630795806
2.1098784084514666 -10
-10 9.122217620844435
-9.225183475276204 10
10 3.602742680748941
-2.672018492984649 -10
10 -9.496876186896904
-10 6.138051824664167
-0.4102985766036973 10
-5.176752199209478 -10
-10 4.027049895689235
-10 4.2784036831378724
10 -1.7694143436858862
-2.2400638943921063 10
10 1.2747036706278756
-10 -1.2807575333686145
4.4076875028690345 10
2.950881758325748 10
10 -9.35277599981176
10 9.126112459094877
10 -5.424185024183313
5.149548875725392 10
-10 2.0772350571865346
2.221893919976168 -10
-9.741551450117495 10
10 3.0638291778424502
-1.0935659487998635 10
-7.561161946324413 -10
-10 -3.2648137957018903
10 7.48460658912331
-4.069347693334466 -10
-4.608599558983306 10
10 -2.8941850465095875
-10 7.998878897847554
-7.603807542821794 10
10 1.8732424688009104
-0.6000853075110015 -10
2.9889934373251155 10
10 5.842631890043773
-10 3.8520105371163282
-5.143633765585958 10
-10 -0.7904765077242324
-3.1135477876870894 10
-10 5.177317733425186
6.995798883196791 -10
-10 1.0142974884785882
10 -2.698323870919488
-5.789400707023075 10
6.21015536055803 10
-10 -4.965028395369087
2.5471358730721505 -10
10 -4.71783664273091
10 2.0281609125609545
7.748978064919076 -10
-10 9.504866170753107
-0.6572168064005712 10
-10 5.708000140038251
-10 -2.9149305603079956
-10 6.363894626354572
-10 6.384036418542394
10 7.826050237488541
-5.293425268127998 -10
10 5.650289263339259
-10 8.933167260329789
0.5882009346232486 10
-10 6.821943183979563
3.8548704745382434 -10
10 -2.3270722131319737
-10 7.232956193720312
10 7.6284732873474645
-7.476104289837813 10
-1.1847145318107124 10
-1.6796665790110517 10
4.539929229571504 -10
3.979291712038105 10
10 -9.304194223461533
-4.035021077986132 -10
-10 3.7010513752972365
5.928061842109543 10
2.741614448914344 10
-8.531343315223925 -10
