0 0
10 0
0 10
10 10
6.395129631564628 0
0.48561161071392744 0
4.944297698875188 0
2.955845823097958 0
6.048815287580501 0
4.617631820031891 0
2.344689107493542 0
9.353040450977678 0
7.739495593543654 0
0.5509787857242732 0
7.564467200657884 0
4.228959440096082 0
7.052243971547179 0
0.2772705216240512 0
9.708414174536223 0
8.671342423754725 0
0.9926805923617943 0
2.392303608304159 0
8.190494405637281 0
6.46906085403065 0
9.907543758419692 0
5.654808025618836 0
9.454959994771071 0
2.124347517989007 0
4.3624813987811795 0
0 7.765682103911153
0 1.1754957502204244
0 2.660877380424572
0 6.255782428788787
0 7.879525684564442
0 0.0009842337889132136
0 4.072602395974885
0 6.6279108952156705
0 5.60927426470959
0 1.2316039077360152
0 4.231671401683682
0 4.366358555348098
0 6.659041562586532
0 3.410401095998857
0 7.714466451360947
0 4.85881009822855
0 2.278656380817603
0 0.2310572299025171
0 2.5830860429644265
0 2.1827516232933086
0 8.987432963372953
0 4.972118104649513
0 0.4511026747573932
0 0.5282223421521604
0 4.628658657228368
8.417020200887562 1.5829797991124384
1.691162786962933 8.308837213037068
4.092957880231193 5.907042119768807
2.2913571832093806 7.708642816790619
8.63459835082674 1.3654016491732601
0.8112708259111456 9.188729174088854
0.520012374707497 9.479987625292503
3.2670644190595546 6.732935580940445
4.753634459228083 5.246365540771917
3.1904800983966486 6.809519901603352
2.277005464175655 7.722994535824345
6.261848995639125 3.7381510043608754
4.1560965326682 5.8439034673318
2.9145985146211983 7.085401485378801
4.8967155274277285 5.1032844725722715
0.1924105998367942 9.807589400163206
3.1375373900741286 6.862462609925871
7.116208879756702 2.8837911202432984
4.312982321575331 5.687017678424669
1.3187866109636537 8.681213389036346
8.108844405818909 8.108844405818909
2.042959055484083 2.042959055484083
9.269045673272602 9.269045673272602
4.15056080606912 4.15056080606912
4.978146681226542 4.978146681226542
7.436728503176747 7.436728503176747
1.1731999298224771 1.1731999298224771
0.5346272346353131 0.5346272346353131
3.5507165848241695 3.5507165848241695
0.6882869405340641 0.6882869405340641
2.54625379466638 2.54625379466638
4.172431001808048 4.172431001808048
4.039078941135898 4.039078941135898
7.523664470803055 7.523664470803055
6.6437128981376645 6.6437128981376645
3.599880344682643 3.599880344682643
9.275003667843025 9.275003667843025
2.345548625046212 2.345548625046212
8.38126926734925 8.38126926734925
1.7716573771775834 1.7716573771775834
